n_runs:	5

[Iteration 0]

epochs:		1000

Accuracy:		0.8389

              precision    recall  f1-score   support

           0       0.79      1.00      0.88        56
           1       0.88      0.74      0.80        61
           2       0.88      0.93      0.91        57
           3       0.84      0.91      0.88        54
           4       0.92      0.95      0.94        61
           5       0.76      0.95      0.85        44
           6       0.82      1.00      0.90        53
           7       0.86      0.93      0.89        54
           8       0.91      0.38      0.54        52
           9       0.73      0.56      0.64        48

    accuracy                           0.84       540
   macro avg       0.84      0.84      0.82       540
weighted avg       0.84      0.84      0.83       540

[[56  0  0  0  0  0  0  0  0  0]
 [ 0 45  4  2  1  0  1  0  0  8]
 [ 1  0 53  0  0  0  0  3  0  0]
 [ 1  0  1 49  0  2  0  1  0  0]
 [ 0  0  0  0 58  0  0  1  2  0]
 [ 0  0  0  1  1 42  0  0  0  0]
 [ 0  0  0  0  0  0 53  0  0  0]
 [ 0  0  1  0  0  3  0 50  0  0]
 [ 0  6  1  4  0  7 11  1 20  2]
 [13  0  0  2  3  1  0  2  0 27]]


[Iteration 1]

epochs:		1000

Accuracy:		0.8741

              precision    recall  f1-score   support

           0       0.91      1.00      0.95        63
           1       0.82      0.71      0.76        59
           2       0.85      1.00      0.92        45
           3       0.88      0.88      0.88        52
           4       0.98      0.98      0.98        61
           5       0.79      0.96      0.87        52
           6       0.93      0.98      0.96        56
           7       0.79      1.00      0.88        50
           8       1.00      0.45      0.62        55
           9       0.82      0.77      0.79        47

    accuracy                           0.87       540
   macro avg       0.88      0.87      0.86       540
weighted avg       0.88      0.87      0.87       540

[[63  0  0  0  0  0  0  0  0  0]
 [ 0 42  5  1  1  2  4  1  0  3]
 [ 0  0 45  0  0  0  0  0  0  0]
 [ 0  0  1 46  0  2  0  2  0  1]
 [ 0  0  0  0 60  0  0  1  0  0]
 [ 0  0  0  0  0 50  0  0  0  2]
 [ 1  0  0  0  0  0 55  0  0  0]
 [ 0  0  0  0  0  0  0 50  0  0]
 [ 1  9  2  5  0  6  0  5 25  2]
 [ 4  0  0  0  0  3  0  4  0 36]]


[Iteration 2]

epochs:		1000

Accuracy:		0.8574

              precision    recall  f1-score   support

           0       0.90      0.98      0.94        64
           1       0.67      0.87      0.75        46
           2       0.97      0.93      0.95        41
           3       1.00      0.88      0.93        73
           4       0.98      0.83      0.90        52
           5       0.92      0.61      0.74        57
           6       0.78      0.98      0.87        55
           7       0.97      1.00      0.98        56
           8       0.87      0.58      0.69        57
           9       0.62      0.95      0.75        39

    accuracy                           0.86       540
   macro avg       0.87      0.86      0.85       540
weighted avg       0.88      0.86      0.86       540

[[63  0  0  0  1  0  0  0  0  0]
 [ 0 40  1  0  0  0  2  0  2  1]
 [ 1  2 38  0  0  0  0  0  0  0]
 [ 1  5  0 64  0  1  0  0  2  0]
 [ 0  6  0  0 43  1  0  2  0  0]
 [ 1  1  0  0  0 35  8  0  0 12]
 [ 1  0  0  0  0  0 54  0  0  0]
 [ 0  0  0  0  0  0  0 56  0  0]
 [ 2  6  0  0  0  1  5  0 33 10]
 [ 1  0  0  0  0  0  0  0  1 37]]


[Iteration 3]

epochs:		1000

Accuracy:		0.8426

              precision    recall  f1-score   support

           0       0.69      1.00      0.82        47
           1       0.79      0.85      0.82        53
           2       1.00      0.76      0.87        59
           3       1.00      0.56      0.72        55
           4       1.00      0.88      0.93        48
           5       0.81      0.96      0.88        52
           6       0.96      0.94      0.95        50
           7       0.92      0.97      0.94        58
           8       0.85      0.68      0.75        65
           9       0.66      0.91      0.76        53

    accuracy                           0.84       540
   macro avg       0.87      0.85      0.84       540
weighted avg       0.87      0.84      0.84       540

[[47  0  0  0  0  0  0  0  0  0]
 [ 2 45  0  0  0  1  0  0  1  4]
 [ 6  1 45  0  0  0  1  0  5  1]
 [ 3  1  0 31  0  5  0  1  2 12]
 [ 3  3  0  0 42  0  0  0  0  0]
 [ 0  0  0  0  0 50  0  0  0  2]
 [ 3  0  0  0  0  0 47  0  0  0]
 [ 1  0  0  0  0  1  0 56  0  0]
 [ 2  7  0  0  0  3  1  2 44  6]
 [ 1  0  0  0  0  2  0  2  0 48]]


[Iteration 4]

epochs:		1000

Accuracy:		0.8407

              precision    recall  f1-score   support

           0       0.89      0.92      0.91        53
           1       0.81      0.74      0.77        58
           2       0.91      0.90      0.90        58
           3       0.98      0.80      0.88        54
           4       0.89      0.96      0.92        57
           5       0.85      0.95      0.89        58
           6       0.59      1.00      0.75        47
           7       0.84      1.00      0.91        53
           8       0.95      0.42      0.58        50
           9       0.90      0.69      0.78        52

    accuracy                           0.84       540
   macro avg       0.86      0.84      0.83       540
weighted avg       0.86      0.84      0.83       540

[[49  0  0  0  1  0  3  0  0  0]
 [ 0 43  4  0  1  2  4  1  0  3]
 [ 1  1 52  0  0  0  2  2  0  0]
 [ 0  1  1 43  0  0  4  5  0  0]
 [ 0  0  0  0 55  0  0  1  1  0]
 [ 0  0  0  0  0 55  2  0  0  1]
 [ 0  0  0  0  0  0 47  0  0  0]
 [ 0  0  0  0  0  0  0 53  0  0]
 [ 1  7  0  0  1  5 15  0 21  0]
 [ 4  1  0  1  4  3  2  1  0 36]]





Test size:	0.3	(~419 train samples per node)
Avg accuracy:	0.8507	(stddev: 0.0134)
Avg epochs:	1000.0	(stddev: 0.0000)
