n_runs:	5

[Iteration 0]

epochs:		1000

Accuracy:		0.8574

              precision    recall  f1-score   support

           0       0.98      1.00      0.99        53
           1       0.79      0.85      0.82        66
           2       0.93      0.98      0.95        54
           3       0.96      0.82      0.88        55
           4       0.61      1.00      0.76        54
           5       0.81      1.00      0.90        52
           6       0.97      0.80      0.88        46
           7       0.95      0.69      0.80        59
           8       0.93      0.68      0.79        57
           9       0.92      0.75      0.83        44

    accuracy                           0.86       540
   macro avg       0.89      0.86      0.86       540
weighted avg       0.88      0.86      0.86       540

[[53  0  0  0  0  0  0  0  0  0]
 [ 0 56  0  0  6  1  1  0  0  2]
 [ 0  0 53  1  0  0  0  0  0  0]
 [ 1  2  4 45  0  2  0  0  1  0]
 [ 0  0  0  0 54  0  0  0  0  0]
 [ 0  0  0  0  0 52  0  0  0  0]
 [ 0  3  0  0  6  0 37  0  0  0]
 [ 0  0  0  0 16  0  0 41  2  0]
 [ 0  9  0  0  4  4  0  0 39  1]
 [ 0  1  0  1  2  5  0  2  0 33]]


[Iteration 1]

epochs:		1000

Accuracy:		0.7907

              precision    recall  f1-score   support

           0       1.00      0.90      0.95        49
           1       0.86      0.67      0.75        54
           2       0.90      0.96      0.93        47
           3       0.97      0.69      0.81        45
           4       0.90      0.93      0.91        57
           5       0.48      0.98      0.65        62
           6       0.93      0.95      0.94        56
           7       0.83      1.00      0.91        59
           8       0.92      0.37      0.53        59
           9       0.66      0.44      0.53        52

    accuracy                           0.79       540
   macro avg       0.84      0.79      0.79       540
weighted avg       0.84      0.79      0.78       540

[[44  0  1  0  0  4  0  0  0  0]
 [ 0 36  0  0  3  3  1  4  1  6]
 [ 0  1 45  0  0  0  0  0  0  1]
 [ 0  0  3 31  0  7  0  1  1  2]
 [ 0  0  0  0 53  1  0  3  0  0]
 [ 0  0  0  0  0 61  0  0  0  1]
 [ 0  0  0  0  0  3 53  0  0  0]
 [ 0  0  0  0  0  0  0 59  0  0]
 [ 0  5  1  1  0 22  2  4 22  2]
 [ 0  0  0  0  3 25  1  0  0 23]]


[Iteration 2]

epochs:		1000

Accuracy:		0.8000

              precision    recall  f1-score   support

           0       0.98      0.98      0.98        56
           1       0.90      0.16      0.27        56
           2       1.00      0.72      0.84        36
           3       0.92      0.89      0.90        63
           4       0.51      0.95      0.67        58
           5       0.96      0.79      0.87        58
           6       0.92      0.81      0.86        59
           7       0.76      1.00      0.86        51
           8       0.78      0.86      0.82        50
           9       0.74      0.81      0.77        53

    accuracy                           0.80       540
   macro avg       0.85      0.80      0.79       540
weighted avg       0.84      0.80      0.78       540

[[55  0  0  0  1  0  0  0  0  0]
 [ 0  9  0  0 35  0  1  3  1  7]
 [ 0  1 26  1  3  0  0  0  5  0]
 [ 0  0  0 56  0  1  0  1  3  2]
 [ 0  0  0  0 55  0  0  3  0  0]
 [ 1  0  0  0  1 46  2  5  0  3]
 [ 0  0  0  0 10  0 48  0  1  0]
 [ 0  0  0  0  0  0  0 51  0  0]
 [ 0  0  0  0  2  0  1  1 43  3]
 [ 0  0  0  4  0  1  0  3  2 43]]


[Iteration 3]

epochs:		1000

Accuracy:		0.7111

              precision    recall  f1-score   support

           0       0.98      0.94      0.96        53
           1       0.80      0.07      0.12        60
           2       0.44      0.96      0.60        56
           3       0.87      0.52      0.65        50
           4       0.67      0.92      0.78        53
           5       0.98      0.82      0.89        60
           6       0.64      1.00      0.78        49
           7       0.63      0.80      0.71        51
           8       1.00      0.41      0.58        49
           9       0.91      0.71      0.80        59

    accuracy                           0.71       540
   macro avg       0.79      0.72      0.69       540
weighted avg       0.79      0.71      0.68       540

[[50  0  0  0  1  0  2  0  0  0]
 [ 0  4 31  1 16  0  6  0  0  2]
 [ 0  0 54  0  0  0  0  2  0  0]
 [ 0  0 18 26  0  0  0  6  0  0]
 [ 0  0  0  0 49  0  1  2  0  1]
 [ 0  0  1  0  1 49  4  4  0  1]
 [ 0  0  0  0  0  0 49  0  0  0]
 [ 0  0  6  0  3  0  1 41  0  0]
 [ 0  1  9  2  2  0 12  3 20  0]
 [ 1  0  4  1  1  1  2  7  0 42]]


[Iteration 4]

epochs:		1000

Accuracy:		0.8167

              precision    recall  f1-score   support

           0       0.91      1.00      0.95        50
           1       0.97      0.62      0.76        63
           2       0.85      0.92      0.88        48
           3       0.68      0.93      0.78        43
           4       0.56      1.00      0.72        56
           5       0.91      0.97      0.94        61
           6       0.87      0.94      0.91        51
           7       0.93      0.75      0.83        55
           8       0.94      0.52      0.67        58
           9       0.89      0.62      0.73        55

    accuracy                           0.82       540
   macro avg       0.85      0.83      0.82       540
weighted avg       0.86      0.82      0.81       540

[[50  0  0  0  0  0  0  0  0  0]
 [ 0 39  7  1  9  1  5  0  0  1]
 [ 0  0 44  4  0  0  0  0  0  0]
 [ 0  0  0 40  0  0  0  1  1  1]
 [ 0  0  0  0 56  0  0  0  0  0]
 [ 0  0  0  0  1 59  0  0  0  1]
 [ 0  0  1  0  2  0 48  0  0  0]
 [ 0  0  0  3 10  0  0 41  1  0]
 [ 0  0  0  6 14  5  1  1 30  1]
 [ 5  1  0  5  8  0  1  1  0 34]]





Test size:	0.3	(~83 train samples per node)
Avg accuracy:	0.7952	(stddev: 0.0478)
Avg epochs:	1000.0	(stddev: 0.0000)
