n_runs:	5

[Iteration 0]

epochs:		1000

Accuracy:		0.7942

              precision    recall  f1-score   support

           0       1.00      0.93      0.96       100
           1       0.66      0.47      0.55        75
           2       0.93      0.75      0.83        85
           3       0.93      0.79      0.86        86
           4       0.71      0.95      0.81        83
           5       0.79      0.84      0.81        91
           6       0.72      0.95      0.82        92
           7       0.77      0.96      0.85        95
           8       0.97      0.38      0.54        96
           9       0.66      0.89      0.76        96

    accuracy                           0.79       899
   macro avg       0.82      0.79      0.78       899
weighted avg       0.82      0.79      0.78       899

[[93  0  0  0  1  4  2  0  0  0]
 [ 0 35  5  0 18  2  5  0  0 10]
 [ 0  5 64  5  0  0  0 10  1  0]
 [ 0  0  0 68  0  1  5  3  0  9]
 [ 0  0  0  0 79  0  0  4  0  0]
 [ 0  0  0  0  2 76  3  0  0 10]
 [ 0  2  0  0  2  1 87  0  0  0]
 [ 0  0  0  0  4  0  0 91  0  0]
 [ 0 11  0  0  2 10 16  6 36 15]
 [ 0  0  0  0  3  2  2  4  0 85]]


[Iteration 1]

epochs:		1000

Accuracy:		0.7820

              precision    recall  f1-score   support

           0       0.82      1.00      0.90        82
           1       0.71      0.64      0.67        89
           2       0.98      0.68      0.81        91
           3       0.94      0.80      0.86        93
           4       0.91      0.90      0.90        97
           5       0.94      0.84      0.89        99
           6       0.63      0.97      0.76        90
           7       0.57      1.00      0.73        94
           8       0.78      0.37      0.50        83
           9       0.92      0.57      0.70        81

    accuracy                           0.78       899
   macro avg       0.82      0.78      0.77       899
weighted avg       0.82      0.78      0.78       899

[[82  0  0  0  0  0  0  0  0  0]
 [ 0 57  0  0  7  0 11  6  8  0]
 [ 3 10 62  2  0  0  2 12  0  0]
 [ 1  3  0 74  0  0  4 11  0  0]
 [ 0  0  0  0 87  0  1  9  0  0]
 [ 4  0  0  0  1 83  5  3  0  3]
 [ 2  0  0  0  1  0 87  0  0  0]
 [ 0  0  0  0  0  0  0 94  0  0]
 [ 0  7  1  0  0  1 28 14 31  1]
 [ 8  3  0  3  0  4  1 15  1 46]]


[Iteration 2]

epochs:		1000

Accuracy:		0.7608

              precision    recall  f1-score   support

           0       0.94      0.88      0.91        76
           1       0.85      0.52      0.65        98
           2       0.72      0.91      0.81        92
           3       0.96      0.60      0.74        88
           4       0.86      0.97      0.91        93
           5       0.57      0.99      0.72        86
           6       0.73      0.97      0.83        98
           7       0.77      0.92      0.84        93
           8       1.00      0.04      0.07        84
           9       0.72      0.77      0.74        91

    accuracy                           0.76       899
   macro avg       0.81      0.76      0.72       899
weighted avg       0.81      0.76      0.73       899

[[67  0  0  0  0  7  2  0  0  0]
 [ 0 51 20  0  6  9  7  4  0  1]
 [ 1  1 84  1  0  0  0  5  0  0]
 [ 1  3  5 53  0  6  4  8  0  8]
 [ 0  0  0  0 90  0  0  3  0  0]
 [ 0  0  0  0  0 85  1  0  0  0]
 [ 0  0  0  0  1  2 95  0  0  0]
 [ 0  0  0  0  4  3  0 86  0  0]
 [ 2  3  7  1  1 25 20  4  3 18]
 [ 0  2  0  0  3 13  1  2  0 70]]


[Iteration 3]

epochs:		1000

Accuracy:		0.7030

              precision    recall  f1-score   support

           0       1.00      0.76      0.86        96
           1       0.70      0.75      0.72        91
           2       0.94      0.71      0.81        89
           3       0.59      0.87      0.70        87
           4       1.00      0.62      0.77        85
           5       0.53      0.97      0.68        89
           6       0.51      1.00      0.67        93
           7       0.85      0.82      0.83        87
           8       1.00      0.15      0.25        89
           9       0.97      0.39      0.55        93

    accuracy                           0.70       899
   macro avg       0.81      0.70      0.69       899
weighted avg       0.81      0.70      0.69       899

[[73  0  0  0  0 14  9  0  0  0]
 [ 0 68  0  1  0  1 21  0  0  0]
 [ 0  3 63 10  0  2  8  3  0  0]
 [ 0  0  1 76  0  3  6  0  0  1]
 [ 0 10  0  0 53  8 12  2  0  0]
 [ 0  0  0  0  0 86  3  0  0  0]
 [ 0  0  0  0  0  0 93  0  0  0]
 [ 0  3  2  3  0  7  1 71  0  0]
 [ 0 11  1 27  0  8 26  3 13  0]
 [ 0  2  0 12  0 34  4  5  0 36]]


[Iteration 4]

epochs:		1000

Accuracy:		0.7275

              precision    recall  f1-score   support

           0       0.97      1.00      0.98        88
           1       0.75      0.24      0.37        86
           2       0.95      0.22      0.35        97
           3       0.54      0.93      0.68        91
           4       0.65      0.96      0.78        84
           5       0.88      0.66      0.76        92
           6       0.81      0.93      0.86        82
           7       0.62      0.93      0.74        89
           8       0.85      0.57      0.68        96
           9       0.73      0.88      0.80        94

    accuracy                           0.73       899
   macro avg       0.78      0.73      0.70       899
weighted avg       0.78      0.73      0.70       899

[[88  0  0  0  0  0  0  0  0  0]
 [ 0 21  1  2 21  1 13 13  3 11]
 [ 2  2 21 47  0  1  0 18  5  1]
 [ 0  0  0 85  0  0  0  5  0  1]
 [ 0  0  0  0 81  1  1  1  0  0]
 [ 0  0  0 11  6 61  2  0  0 12]
 [ 0  1  0  1  4  0 76  0  0  0]
 [ 0  0  0  0  4  0  0 83  2  0]
 [ 1  3  0  9  9  3  2  9 55  5]
 [ 0  1  0  3  0  2  0  5  0 83]]





Avg accuracy:	0.7535	(stddev: 0.0339)
Avg epochs:	1000.0	(stddev: 0.0000)
