n_runs:	5

[Iteration 0]

epochs:		1000

Accuracy:		0.7419

              precision    recall  f1-score   support

           0       0.99      0.93      0.96        84
           1       0.72      0.82      0.77        85
           2       0.47      0.81      0.60        84
           3       1.00      0.20      0.33        92
           4       0.98      0.52      0.68        88
           5       0.67      0.97      0.79        97
           6       0.66      0.97      0.78        89
           7       0.93      0.96      0.95        99
           8       0.68      0.59      0.63        85
           9       0.94      0.65      0.77        96

    accuracy                           0.74       899
   macro avg       0.80      0.74      0.72       899
weighted avg       0.81      0.74      0.73       899

[[78  0  0  0  1  0  5  0  0  0]
 [ 0 70  1  0  0 10  3  0  1  0]
 [ 0  5 68  0  0  8  1  2  0  0]
 [ 0  1 50 18  0  6  1  1 15  0]
 [ 0  8  0  0 46  4 25  3  0  2]
 [ 0  0  1  0  0 94  2  0  0  0]
 [ 0  2  0  0  0  1 86  0  0  0]
 [ 0  0  0  0  0  3  0 95  0  1]
 [ 0 11  5  0  0 10  7  1 50  1]
 [ 1  0 19  0  0  5  1  0  8 62]]


[Iteration 1]

epochs:		1000

Accuracy:		0.6196

              precision    recall  f1-score   support

           0       1.00      0.55      0.71        95
           1       0.95      0.19      0.32        95
           2       1.00      0.66      0.80        98
           3       0.66      0.93      0.77        89
           4       0.31      0.97      0.47        89
           5       0.96      0.57      0.72        91
           6       0.68      0.64      0.66        90
           7       0.60      0.91      0.73        81
           8       1.00      0.05      0.09        85
           9       0.71      0.76      0.73        86

    accuracy                           0.62       899
   macro avg       0.79      0.62      0.60       899
weighted avg       0.79      0.62      0.60       899

[[52  0  0  0 42  0  1  0  0  0]
 [ 0 18  0  0 61  0  5  6  0  5]
 [ 0  0 65 14  5  0  8  6  0  0]
 [ 0  0  0 83  1  0  2  1  0  2]
 [ 0  0  0  0 86  0  0  2  0  1]
 [ 0  0  0  6 18 52  0  3  0 12]
 [ 0  0  0  0 32  0 58  0  0  0]
 [ 0  0  0  0  7  0  0 74  0  0]
 [ 0  1  0 14 21  1 11 27  4  6]
 [ 0  0  0  9  7  1  0  4  0 65]]


[Iteration 2]

epochs:		1000

Accuracy:		0.6552

              precision    recall  f1-score   support

           0       1.00      0.89      0.94        85
           1       1.00      0.01      0.02        86
           2       0.73      0.94      0.82        87
           3       0.61      0.85      0.71        92
           4       0.40      0.99      0.57        91
           5       0.72      0.91      0.80        95
           6       0.95      0.76      0.84        91
           7       1.00      0.23      0.37        88
           8       0.85      0.19      0.31        91
           9       0.56      0.75      0.64        93

    accuracy                           0.66       899
   macro avg       0.78      0.65      0.60       899
weighted avg       0.78      0.66      0.60       899

[[76  0  0  0  7  2  0  0  0  0]
 [ 0  1 20  4 49  2  1  0  2  7]
 [ 0  0 82  2  2  0  0  0  1  0]
 [ 0  0  3 78  0  0  0  0  0 11]
 [ 0  0  0  0 90  0  0  0  0  1]
 [ 0  0  0  1  4 86  0  0  0  4]
 [ 0  0  0  0 22  0 69  0  0  0]
 [ 0  0  1 18 30 14  0 20  0  5]
 [ 0  0  6 18 10  9  3  0 17 28]
 [ 0  0  0  7  9  7  0  0  0 70]]


[Iteration 3]

epochs:		1000

Accuracy:		0.6986

              precision    recall  f1-score   support

           0       0.98      0.94      0.96        89
           1       0.91      0.11      0.19        94
           2       1.00      0.57      0.73        98
           3       0.73      0.82      0.77        76
           4       0.72      0.96      0.82        97
           5       0.73      0.69      0.71        81
           6       0.36      1.00      0.53        87
           7       0.88      0.91      0.90        94
           8       0.93      0.26      0.41        95
           9       0.80      0.78      0.79        88

    accuracy                           0.70       899
   macro avg       0.80      0.70      0.68       899
weighted avg       0.81      0.70      0.68       899

[[84  0  0  0  2  0  3  0  0  0]
 [ 0 10  0  1 19  1 50  3  0 10]
 [ 0  0 56  5  1  0 36  0  0  0]
 [ 0  0  0 62  0  5  7  0  1  1]
 [ 0  0  0  0 93  0  0  4  0  0]
 [ 2  0  0  4  3 56 10  2  0  4]
 [ 0  0  0  0  0  0 87  0  0  0]
 [ 0  0  0  2  6  0  0 86  0  0]
 [ 0  1  0  6  2  8 49  2 25  2]
 [ 0  0  0  5  3  7  2  1  1 69]]


[Iteration 4]

epochs:		1000

Accuracy:		0.7842

              precision    recall  f1-score   support

           0       0.90      0.95      0.92       102
           1       0.60      0.38      0.46        98
           2       0.66      0.98      0.79        88
           3       0.78      0.86      0.82        81
           4       0.62      0.93      0.75        89
           5       0.95      0.89      0.92        80
           6       0.92      0.76      0.83        89
           7       0.82      0.95      0.88        88
           8       0.88      0.63      0.73        89
           9       0.88      0.56      0.68        95

    accuracy                           0.78       899
   macro avg       0.80      0.79      0.78       899
weighted avg       0.80      0.78      0.78       899

[[97  0  0  0  5  0  0  0  0  0]
 [ 0 37 35  1 19  0  3  0  3  0]
 [ 0  0 86  2  0  0  0  0  0  0]
 [ 0  0  1 70  0  1  0  8  1  0]
 [ 0  5  0  0 83  0  0  1  0  0]
 [ 0  0  0  2  0 71  0  0  0  7]
 [ 1  0  0  0 20  0 68  0  0  0]
 [ 0  0  0  0  2  0  0 84  2  0]
 [ 0  6  9  6  4  2  3  3 56  0]
 [10 14  0  9  0  1  0  6  2 53]]





Avg accuracy:	0.6999	(stddev: 0.0589)
Avg epochs:	1000.0	(stddev: 0.0000)
