n_runs:	5

[Iteration 0]

epochs:		1000

Accuracy:		0.7831

              precision    recall  f1-score   support

           0       0.95      0.99      0.97        87
           1       0.86      0.54      0.67        94
           2       0.67      1.00      0.80        88
           3       0.71      0.94      0.81        87
           4       0.88      0.84      0.86        97
           5       0.95      0.62      0.75        93
           6       0.98      0.92      0.95        90
           7       0.82      0.84      0.83        90
           8       1.00      0.28      0.44        86
           9       0.51      0.86      0.64        87

    accuracy                           0.78       899
   macro avg       0.83      0.78      0.77       899
weighted avg       0.83      0.78      0.77       899

[[86  0  0  0  1  0  0  0  0  0]
 [ 0 51 23  0  0  0  0  3  0 17]
 [ 0  0 88  0  0  0  0  0  0  0]
 [ 0  0  3 82  0  0  0  1  0  1]
 [ 4  5  0  0 81  0  0  6  0  1]
 [ 0  0  0  3  1 58  1  0  0 30]
 [ 0  2  2  0  0  0 83  0  0  3]
 [ 0  0  1  1  9  0  0 76  0  3]
 [ 0  1 15 22  0  2  1  5 24 16]
 [ 1  0  0  8  0  1  0  2  0 75]]


[Iteration 1]

epochs:		1000

Accuracy:		0.7475

              precision    recall  f1-score   support

           0       0.90      1.00      0.95        92
           1       0.83      0.40      0.54        95
           2       0.54      0.99      0.70        85
           3       0.80      0.91      0.85        99
           4       0.78      0.89      0.83        93
           5       0.97      0.41      0.58        80
           6       0.97      0.85      0.90       100
           7       0.56      1.00      0.72        94
           8       1.00      0.31      0.48        83
           9       0.77      0.60      0.68        78

    accuracy                           0.75       899
   macro avg       0.81      0.74      0.72       899
weighted avg       0.81      0.75      0.73       899

[[92  0  0  0  0  0  0  0  0  0]
 [ 0 38 28  3 17  0  0  8  0  1]
 [ 0  0 84  0  0  0  0  1  0  0]
 [ 0  0  2 90  0  0  1  6  0  0]
 [ 2  0  0  0 83  0  1  7  0  0]
 [ 1  2  7  1  2 33  1 22  0 11]
 [ 5  0  9  0  1  0 85  0  0  0]
 [ 0  0  0  0  0  0  0 94  0  0]
 [ 0  3 21 13  1  0  0 17 26  2]
 [ 2  3  4  5  3  1  0 13  0 47]]


[Iteration 2]

epochs:		1000

Accuracy:		0.7964

              precision    recall  f1-score   support

           0       0.92      1.00      0.96        85
           1       0.64      0.66      0.65        83
           2       1.00      0.74      0.85        97
           3       0.95      0.76      0.85       102
           4       0.99      0.76      0.86        95
           5       1.00      0.63      0.77        87
           6       0.98      0.94      0.96        94
           7       0.69      0.99      0.81        88
           8       0.50      0.59      0.54        85
           9       0.61      0.89      0.72        83

    accuracy                           0.80       899
   macro avg       0.83      0.80      0.80       899
weighted avg       0.84      0.80      0.80       899

[[85  0  0  0  0  0  0  0  0  0]
 [ 0 55  0  0  0  0  1  1 24  2]
 [ 0  3 72  1  0  0  0  5 15  1]
 [ 1  3  0 78  0  0  0 12  4  4]
 [ 2 11  0  0 72  0  0  5  1  4]
 [ 1  2  0  0  1 55  0 10  3 15]
 [ 2  4  0  0  0  0 88  0  0  0]
 [ 0  0  0  0  0  0  0 87  1  0]
 [ 1  7  0  1  0  0  1  3 50 22]
 [ 0  1  0  2  0  0  0  4  2 74]]


[Iteration 3]

epochs:		1000

Accuracy:		0.8265

              precision    recall  f1-score   support

           0       0.99      0.95      0.97        78
           1       0.74      0.79      0.76        86
           2       0.67      0.91      0.77        92
           3       0.82      0.90      0.86        77
           4       0.88      0.82      0.85        93
           5       0.79      0.97      0.87        96
           6       1.00      0.75      0.86        88
           7       0.92      0.85      0.88        97
           8       0.91      0.53      0.67        93
           9       0.75      0.83      0.78        99

    accuracy                           0.83       899
   macro avg       0.85      0.83      0.83       899
weighted avg       0.84      0.83      0.82       899

[[74  0  2  0  2  0  0  0  0  0]
 [ 0 68  4  0  2  1  0  2  3  6]
 [ 0  0 84  8  0  0  0  0  0  0]
 [ 0  0  2 69  0  4  0  1  0  1]
 [ 0 11  4  0 76  0  0  1  1  0]
 [ 1  0  0  0  0 93  0  0  0  2]
 [ 0  2 10  0  4  6 66  0  0  0]
 [ 0  0  6  0  2  0  0 82  1  6]
 [ 0 10 11  0  0  8  0  2 49 13]
 [ 0  1  2  7  0  6  0  1  0 82]]


[Iteration 4]

epochs:		1000

Accuracy:		0.7709

              precision    recall  f1-score   support

           0       0.98      0.98      0.98        90
           1       0.66      0.85      0.74        94
           2       1.00      0.55      0.71        96
           3       0.70      0.47      0.56        93
           4       1.00      0.47      0.64        81
           5       0.69      0.97      0.80        87
           6       0.89      0.98      0.93       102
           7       0.66      0.99      0.79        98
           8       0.97      0.50      0.66        78
           9       0.62      0.88      0.73        80

    accuracy                           0.77       899
   macro avg       0.82      0.76      0.76       899
weighted avg       0.82      0.77      0.76       899

[[ 88   0   0   0   0   0   1   0   0   1]
 [  0  80   0   0   0   1   0   3   0  10]
 [  0  18  53  17   0   0   0   7   1   0]
 [  0   1   0  44   0  20   0   8   0  20]
 [  1  16   0   0  38   2   8  16   0   0]
 [  0   0   0   0   0  84   1   0   0   2]
 [  1   1   0   0   0   0 100   0   0   0]
 [  0   0   0   0   0   1   0  97   0   0]
 [  0   6   0   2   0   7   2  13  39   9]
 [  0   0   0   0   0   7   0   3   0  70]]





Avg accuracy:	0.7849	(stddev: 0.0263)
Avg epochs:	1000.0	(stddev: 0.0000)
